# Game Level Exporter v1.0
MESH
Plane
<Matrix 4x4 (50.0000,   0.0000,  0.0000, 0.0000)
            ( 0.0000,   50.0000, 0.0000, 0.0000)
            ( 0.0000,   0.0000,  50.0000, 0.0000)
            ( 0.0000,   0.0000, -7.7734, 1.0000)>
MESH
WallBricks.001
<Matrix 4x4 (2.0000,  0.0000,   0.0000, 0.0000)
            (0.0000,  2.0000,  -0.0000, 0.0000)
            (0.0000,  0.0000,   2.0000, 0.0000)
            (3.0654, -0.0312, -17.5880, 1.0000)>
MESH
WallEntranceBricks.002
<Matrix 4x4 (2.0000, 0.0000,   0.0000, 0.0000)
            (0.0000, 2.0000,  -0.0000, 0.0000)
            (0.0000, 0.0000,   2.0000, 0.0000)
            (0.0000, 0.0000, -17.8999, 1.0000)>
MESH
WallBricks.002
<Matrix 4x4 ( 2.0000,  0.0000,   0.0000, 0.0000)
            ( 0.0000,  2.0000,  -0.0000, 0.0000)
            ( 0.0000,  0.0000,   2.0000, 0.0000)
            (-3.0643, -0.0312, -17.5959, 1.0000)>
MESH
SmallSquareTowerBricks.001
<Matrix 4x4 ( 2.0000, 0.0000,   0.0000, 0.0000)
            ( 0.0000, 2.0000,  -0.0000, 0.0000)
            ( 0.0000, 0.0000,   2.0000, 0.0000)
            (-5.0624, 0.0000, -17.6616, 1.0000)>
MESH
SmallSquareTowerBricks.002
<Matrix 4x4 (2.0000, 0.0000,   0.0000, 0.0000)
            (0.0000, 2.0000,  -0.0000, 0.0000)
            (0.0000, 0.0000,   2.0000, 0.0000)
            (5.0757, 0.0000, -17.6616, 1.0000)>
MESH
WallBricks.003
<Matrix 4x4 ( 2.0000,  0.0000,   0.0000, 0.0000)
            ( 0.0000,  2.0000,  -0.0000, 0.0000)
            ( 0.0000,  0.0000,   2.0000, 0.0000)
            (13.2246, -0.0312, -17.5880, 1.0000)>
MESH
WallBricks.004
<Matrix 4x4 (2.0000,  0.0000,   0.0000, 0.0000)
            (0.0000,  2.0000,  -0.0000, 0.0000)
            (0.0000,  0.0000,   2.0000, 0.0000)
            (7.0950, -0.0312, -17.5959, 1.0000)>
MESH
SmallSquareTowerBricks.003
<Matrix 4x4 ( 2.0000, 0.0000,   0.0000, 0.0000)
            ( 0.0000, 2.0000,  -0.0000, 0.0000)
            ( 0.0000, 0.0000,   2.0000, 0.0000)
            (15.2350, 0.0000, -17.6616, 1.0000)>
MESH
WallBricks.005
<Matrix 4x4 ( 2.0000,  0.0000,   0.0000, 0.0000)
            ( 0.0000,  2.0000,  -0.0000, 0.0000)
            ( 0.0000,  0.0000,   2.0000, 0.0000)
            (10.1613, -0.0312, -17.5959, 1.0000)>
MESH
WallBricks.006
<Matrix 4x4 (-0.0000,  0.0000,  2.0000, 0.0000)
            ( 0.0000,  2.0000,  0.0000, 0.0000)
            (-2.0000,  0.0000, -0.0000, 0.0000)
            (15.1775, -0.0312, -9.4745, 1.0000)>
MESH
WallBricks.007
<Matrix 4x4 (-0.0000,  0.0000,   2.0000, 0.0000)
            ( 0.0000,  2.0000,   0.0000, 0.0000)
            (-2.0000,  0.0000,  -0.0000, 0.0000)
            (15.1854, -0.0312, -15.6041, 1.0000)>
MESH
SmallSquareTowerBricks.004
<Matrix 4x4 (-0.0000,  0.0000,  2.0000, 0.0000)
            ( 0.0000,  2.0000,  0.0000, 0.0000)
            (-2.0000,  0.0000, -0.0000, 0.0000)
            (15.2511, -0.0000, -7.4641, 1.0000)>
MESH
WallBricks.008
<Matrix 4x4 (-0.0000,  0.0000,   2.0000, 0.0000)
            ( 0.0000,  2.0000,   0.0000, 0.0000)
            (-2.0000,  0.0000,  -0.0000, 0.0000)
            (15.1854, -0.0312, -12.5379, 1.0000)>
MESH
WallBricks.009
<Matrix 4x4 (-0.0000,  0.0000,  2.0000, 0.0000)
            ( 0.0000,  2.0000,  0.0000, 0.0000)
            (-2.0000,  0.0000, -0.0000, 0.0000)
            (15.1775, -0.0312,  0.6692, 1.0000)>
MESH
WallBricks.010
<Matrix 4x4 (-0.0000,  0.0000,  2.0000, 0.0000)
            ( 0.0000,  2.0000,  0.0000, 0.0000)
            (-2.0000,  0.0000, -0.0000, 0.0000)
            (15.1854, -0.0312, -5.4604, 1.0000)>
MESH
SmallSquareTowerBricks.005
<Matrix 4x4 (-0.0000,  0.0000,  2.0000, 0.0000)
            ( 0.0000,  2.0000,  0.0000, 0.0000)
            (-2.0000,  0.0000, -0.0000, 0.0000)
            (15.2511, -0.0000,  2.6796, 1.0000)>
MESH
WallBricks.011
<Matrix 4x4 (-0.0000,  0.0000,  2.0000, 0.0000)
            ( 0.0000,  2.0000,  0.0000, 0.0000)
            (-2.0000,  0.0000, -0.0000, 0.0000)
            (15.1854, -0.0312, -2.3942, 1.0000)>
MESH
WallBricks.012
<Matrix 4x4 (-0.0000,  0.0000,  2.0000, 0.0000)
            ( 0.0000,  2.0000,  0.0000, 0.0000)
            (-2.0000,  0.0000, -0.0000, 0.0000)
            (15.1775, -0.0312, 10.8261, 1.0000)>
MESH
WallBricks.013
<Matrix 4x4 (-0.0000,  0.0000,  2.0000, 0.0000)
            ( 0.0000,  2.0000,  0.0000, 0.0000)
            (-2.0000,  0.0000, -0.0000, 0.0000)
            (15.1854, -0.0312,  4.6964, 1.0000)>
MESH
SmallSquareTowerBricks.006
<Matrix 4x4 (-0.0000,  0.0000,  2.0000, 0.0000)
            ( 0.0000,  2.0000,  0.0000, 0.0000)
            (-2.0000,  0.0000, -0.0000, 0.0000)
            (15.2511, -0.0000, 12.8364, 1.0000)>
MESH
WallBricks.014
<Matrix 4x4 (-0.0000,  0.0000,  2.0000, 0.0000)
            ( 0.0000,  2.0000,  0.0000, 0.0000)
            (-2.0000,  0.0000, -0.0000, 0.0000)
            (15.1854, -0.0312,  7.7627, 1.0000)>
MESH
WallBricks.015
<Matrix 4x4 (-2.0000,  0.0000, -0.0000, 0.0000)
            (-0.0000,  2.0000,  0.0000, 0.0000)
            ( 0.0000,  0.0000, -2.0000, 0.0000)
            ( 7.0886, -0.0312, 12.7619, 1.0000)>
MESH
WallBricks.016
<Matrix 4x4 (-2.0000,  0.0000, -0.0000, 0.0000)
            (-0.0000,  2.0000,  0.0000, 0.0000)
            ( 0.0000,  0.0000, -2.0000, 0.0000)
            (13.2182, -0.0312, 12.7698, 1.0000)>
MESH
SmallSquareTowerBricks.007
<Matrix 4x4 (-2.0000,  0.0000, -0.0000, 0.0000)
            (-0.0000,  2.0000,  0.0000, 0.0000)
            ( 0.0000,  0.0000, -2.0000, 0.0000)
            ( 5.0782, -0.0000, 12.8355, 1.0000)>
MESH
WallBricks.017
<Matrix 4x4 (-2.0000,  0.0000, -0.0000, 0.0000)
            (-0.0000,  2.0000,  0.0000, 0.0000)
            ( 0.0000,  0.0000, -2.0000, 0.0000)
            (10.1520, -0.0312, 12.7698, 1.0000)>
MESH
WallBricks.018
<Matrix 4x4 (-2.0000,  0.0000, -0.0000, 0.0000)
            (-0.0000,  2.0000,  0.0000, 0.0000)
            ( 0.0000,  0.0000, -2.0000, 0.0000)
            (-3.0788, -0.0312, 12.7619, 1.0000)>
MESH
WallBricks.019
<Matrix 4x4 (-2.0000,  0.0000, -0.0000, 0.0000)
            (-0.0000,  2.0000,  0.0000, 0.0000)
            ( 0.0000,  0.0000, -2.0000, 0.0000)
            ( 3.0509, -0.0312, 12.7698, 1.0000)>
MESH
SmallSquareTowerBricks.008
<Matrix 4x4 (-2.0000,  0.0000, -0.0000, 0.0000)
            (-0.0000,  2.0000,  0.0000, 0.0000)
            ( 0.0000,  0.0000, -2.0000, 0.0000)
            (-5.0891, -0.0000, 12.8355, 1.0000)>
MESH
WallBricks.020
<Matrix 4x4 (-2.0000,  0.0000, -0.0000, 0.0000)
            (-0.0000,  2.0000,  0.0000, 0.0000)
            ( 0.0000,  0.0000, -2.0000, 0.0000)
            (-0.0154, -0.0312, 12.7698, 1.0000)>
MESH
WallBricks.021
<Matrix 4x4 ( -2.0000,  0.0000, -0.0000, 0.0000)
            ( -0.0000,  2.0000,  0.0000, 0.0000)
            (  0.0000,  0.0000, -2.0000, 0.0000)
            (-13.2483, -0.0312, 12.7619, 1.0000)>
MESH
WallBricks.022
<Matrix 4x4 (-2.0000,  0.0000, -0.0000, 0.0000)
            (-0.0000,  2.0000,  0.0000, 0.0000)
            ( 0.0000,  0.0000, -2.0000, 0.0000)
            (-7.1187, -0.0312, 12.7698, 1.0000)>
MESH
SmallSquareTowerBricks.009
<Matrix 4x4 ( -2.0000,  0.0000, -0.0000, 0.0000)
            ( -0.0000,  2.0000,  0.0000, 0.0000)
            (  0.0000,  0.0000, -2.0000, 0.0000)
            (-15.2587, -0.0000, 12.8355, 1.0000)>
MESH
WallBricks.023
<Matrix 4x4 ( -2.0000,  0.0000, -0.0000, 0.0000)
            ( -0.0000,  2.0000,  0.0000, 0.0000)
            (  0.0000,  0.0000, -2.0000, 0.0000)
            (-10.1849, -0.0312, 12.7698, 1.0000)>
MESH
SmallSquareTowerBricks.010
<Matrix 4x4 (  2.0000, 0.0000,   0.0000, 0.0000)
            (  0.0000, 2.0000,  -0.0000, 0.0000)
            (  0.0000, 0.0000,   2.0000, 0.0000)
            (-15.2515, 0.0000, -17.6616, 1.0000)>
MESH
WallBricks.024
<Matrix 4x4 ( 2.0000,  0.0000,   0.0000, 0.0000)
            ( 0.0000,  2.0000,  -0.0000, 0.0000)
            ( 0.0000,  0.0000,   2.0000, 0.0000)
            (-7.1026, -0.0312, -17.5880, 1.0000)>
MESH
WallBricks.025
<Matrix 4x4 (  2.0000,  0.0000,   0.0000, 0.0000)
            (  0.0000,  2.0000,  -0.0000, 0.0000)
            (  0.0000,  0.0000,   2.0000, 0.0000)
            (-13.2322, -0.0312, -17.5959, 1.0000)>
MESH
WallBricks.026
<Matrix 4x4 (  2.0000,  0.0000,   0.0000, 0.0000)
            (  0.0000,  2.0000,  -0.0000, 0.0000)
            (  0.0000,  0.0000,   2.0000, 0.0000)
            (-10.1660, -0.0312, -17.5959, 1.0000)>
MESH
SmallSquareTowerBricks.011
<Matrix 4x4 ( -0.0000,  0.0000, -2.0000, 0.0000)
            ( -0.0000,  2.0000,  0.0000, 0.0000)
            (  2.0000,  0.0000, -0.0000, 0.0000)
            (-15.2431, -0.0000, -7.4497, 1.0000)>
MESH
WallBricks.027
<Matrix 4x4 ( -0.0000,  0.0000,  -2.0000, 0.0000)
            ( -0.0000,  2.0000,   0.0000, 0.0000)
            (  2.0000,  0.0000,  -0.0000, 0.0000)
            (-15.1695, -0.0312, -15.5986, 1.0000)>
MESH
WallBricks.028
<Matrix 4x4 ( -0.0000,  0.0000, -2.0000, 0.0000)
            ( -0.0000,  2.0000,  0.0000, 0.0000)
            (  2.0000,  0.0000, -0.0000, 0.0000)
            (-15.1774, -0.0312, -9.4689, 1.0000)>
MESH
WallBricks.029
<Matrix 4x4 ( -0.0000,  0.0000,  -2.0000, 0.0000)
            ( -0.0000,  2.0000,   0.0000, 0.0000)
            (  2.0000,  0.0000,  -0.0000, 0.0000)
            (-15.1774, -0.0312, -12.5352, 1.0000)>
MESH
SmallSquareTowerBricks.012
<Matrix 4x4 ( -0.0000,  0.0000, -2.0000, 0.0000)
            ( -0.0000,  2.0000,  0.0000, 0.0000)
            (  2.0000,  0.0000, -0.0000, 0.0000)
            (-15.2431, -0.0000,  2.6755, 1.0000)>
MESH
WallBricks.030
<Matrix 4x4 ( -0.0000,  0.0000, -2.0000, 0.0000)
            ( -0.0000,  2.0000,  0.0000, 0.0000)
            (  2.0000,  0.0000, -0.0000, 0.0000)
            (-15.1695, -0.0312, -5.4734, 1.0000)>
MESH
WallBricks.031
<Matrix 4x4 ( -0.0000,  0.0000, -2.0000, 0.0000)
            ( -0.0000,  2.0000,  0.0000, 0.0000)
            (  2.0000,  0.0000, -0.0000, 0.0000)
            (-15.1774, -0.0312,  0.6562, 1.0000)>
MESH
WallBricks.032
<Matrix 4x4 ( -0.0000,  0.0000, -2.0000, 0.0000)
            ( -0.0000,  2.0000,  0.0000, 0.0000)
            (  2.0000,  0.0000, -0.0000, 0.0000)
            (-15.1774, -0.0312, -2.4101, 1.0000)>
MESH
WallBricks.033
<Matrix 4x4 ( -0.0000,  0.0000, -2.0000, 0.0000)
            ( -0.0000,  2.0000,  0.0000, 0.0000)
            (  2.0000,  0.0000, -0.0000, 0.0000)
            (-15.1695, -0.0312,  4.7016, 1.0000)>
MESH
WallBricks.034
<Matrix 4x4 ( -0.0000,  0.0000, -2.0000, 0.0000)
            ( -0.0000,  2.0000,  0.0000, 0.0000)
            (  2.0000,  0.0000, -0.0000, 0.0000)
            (-15.1774, -0.0312, 10.8312, 1.0000)>
MESH
WallBricks.035
<Matrix 4x4 ( -0.0000,  0.0000, -2.0000, 0.0000)
            ( -0.0000,  2.0000,  0.0000, 0.0000)
            (  2.0000,  0.0000, -0.0000, 0.0000)
            (-15.1774, -0.0312,  7.7649, 1.0000)>
MESH
WallBricks.036
<Matrix 4x4 (-0.0000,  0.0000, -2.0000, 0.0000)
            (-0.0000,  2.0000,  0.0000, 0.0000)
            ( 2.0000,  0.0000, -0.0000, 0.0000)
            (-5.0429, -0.0312, -5.4734, 1.0000)>
MESH
WallBricks.037
<Matrix 4x4 (-0.0000,  0.0000, -2.0000, 0.0000)
            (-0.0000,  2.0000,  0.0000, 0.0000)
            ( 2.0000,  0.0000, -0.0000, 0.0000)
            (-5.0508, -0.0312,  0.6562, 1.0000)>
MESH
WallBricks.038
<Matrix 4x4 (-0.0000,  0.0000, -2.0000, 0.0000)
            (-0.0000,  2.0000,  0.0000, 0.0000)
            ( 2.0000,  0.0000, -0.0000, 0.0000)
            (-5.0508, -0.0312, -2.4101, 1.0000)>
MESH
WallBricks.039
<Matrix 4x4 (-2.0000,  0.0000, -0.0000, 0.0000)
            (-0.0000,  2.0000,  0.0000, 0.0000)
            ( 0.0000,  0.0000, -2.0000, 0.0000)
            (-3.0788, -0.0312,  2.7166, 1.0000)>
MESH
WallBricks.040
<Matrix 4x4 (-2.0000,  0.0000, -0.0000, 0.0000)
            (-0.0000,  2.0000,  0.0000, 0.0000)
            ( 0.0000,  0.0000, -2.0000, 0.0000)
            ( 3.0509, -0.0312,  2.7245, 1.0000)>
MESH
WallBricks.041
<Matrix 4x4 (-2.0000,  0.0000, -0.0000, 0.0000)
            (-0.0000,  2.0000,  0.0000, 0.0000)
            ( 0.0000,  0.0000, -2.0000, 0.0000)
            (-0.0154, -0.0312,  2.7245, 1.0000)>
MESH
WallBricks.042
<Matrix 4x4 (-0.0000,  0.0000,  2.0000, 0.0000)
            ( 0.0000,  2.0000,  0.0000, 0.0000)
            (-2.0000,  0.0000, -0.0000, 0.0000)
            ( 5.0591, -0.0312,  0.6692, 1.0000)>
MESH
WallBricks.043
<Matrix 4x4 (-0.0000,  0.0000,  2.0000, 0.0000)
            ( 0.0000,  2.0000,  0.0000, 0.0000)
            (-2.0000,  0.0000, -0.0000, 0.0000)
            ( 5.0670, -0.0312, -5.4604, 1.0000)>
MESH
WallBricks.044
<Matrix 4x4 (-0.0000,  0.0000,  2.0000, 0.0000)
            ( 0.0000,  2.0000,  0.0000, 0.0000)
            (-2.0000,  0.0000, -0.0000, 0.0000)
            ( 5.0670, -0.0312, -2.3942, 1.0000)>
MESH
WallBricks.045
<Matrix 4x4 (2.0000,  0.0000,  0.0000, 0.0000)
            (0.0000,  2.0000, -0.0000, 0.0000)
            (0.0000,  0.0000,  2.0000, 0.0000)
            (3.0654, -0.0312, -7.5325, 1.0000)>
MESH
WallEntranceBricks.001
<Matrix 4x4 (2.0000, 0.0000,  0.0000, 0.0000)
            (0.0000, 2.0000, -0.0000, 0.0000)
            (0.0000, 0.0000,  2.0000, 0.0000)
            (0.0000, 0.0000, -7.8444, 1.0000)>
MESH
WallBricks.046
<Matrix 4x4 ( 2.0000,  0.0000,  0.0000, 0.0000)
            ( 0.0000,  2.0000, -0.0000, 0.0000)
            ( 0.0000,  0.0000,  2.0000, 0.0000)
            (-3.0643, -0.0312, -7.5404, 1.0000)>
MESH
SimpleTowerBricks.001
<Matrix 4x4 (2.5000, 0.0000,  0.0000, 0.0000)
            (0.0000, 2.5000, -0.0000, 0.0000)
            (0.0000, 0.0000,  2.5000, 0.0000)
            (5.1501, 0.0000,  2.7985, 1.0000)>
MESH
SimpleTowerBricks.002
<Matrix 4x4 ( 2.5000, 0.0000,  0.0000, 0.0000)
            ( 0.0000, 2.5000, -0.0000, 0.0000)
            ( 0.0000, 0.0000,  2.5000, 0.0000)
            (-5.1130, 0.0000,  2.7985, 1.0000)>
MESH
SimpleTowerBricks.003
<Matrix 4x4 ( 2.5000, 0.0000,  0.0000, 0.0000)
            ( 0.0000, 2.5000, -0.0000, 0.0000)
            ( 0.0000, 0.0000,  2.5000, 0.0000)
            (-5.1130, 0.0000, -7.6016, 1.0000)>
MESH
SimpleTowerBricks.004
<Matrix 4x4 (2.5000, 0.0000,  0.0000, 0.0000)
            (0.0000, 2.5000, -0.0000, 0.0000)
            (0.0000, 0.0000,  2.5000, 0.0000)
            (5.1360, 0.0000, -7.6016, 1.0000)>
MESH
Tower.001
<Matrix 4x4 (4.0000, 0.0000,  0.0000, 0.0000)
            (0.0000, 2.0000, -0.0000, 0.0000)
            (0.0000, 0.0000,  4.0000, 0.0000)
            (0.0000, 0.0000, -2.3199, 1.0000)>
MESH
Door.001
<Matrix 4x4 (2.0000, 0.0000,  0.0000, 0.0000)
            (0.0000, 2.0000, -0.0000, 0.0000)
            (0.0000, 0.0000,  2.0000, 0.0000)
            (0.0000, 0.0000, -7.7093, 1.0000)>
MESH
Door.002
<Matrix 4x4 (2.0000, 0.0000,   0.0000, 0.0000)
            (0.0000, 2.0000,  -0.0000, 0.0000)
            (0.0000, 0.0000,   2.0000, 0.0000)
            (0.0000, 0.0000, -17.8196, 1.0000)>
MESH
Rat.001
<Matrix 4x4 (1.0000, 0.0000,  0.0000, 0.0000)
            (0.0000, 1.0000, -0.0000, 0.0000)
            (0.0000, 0.0000,  1.0000, 0.0000)
            (0.0000, 8.1193, -2.4168, 1.0000)>
MESH
Spider.001
<Matrix 4x4 ( 0.4716, 0.0000,   0.2052, 0.0000)
            ( 0.0000, 0.5143,  -0.0000, 0.0000)
            (-0.2052, 0.0000,   0.4716, 0.0000)
            (-4.8086, 0.0000, -13.6809, 1.0000)>
MESH
Spider.002
<Matrix 4x4 ( 0.5134, 0.0000,   0.0303, 0.0000)
            ( 0.0000, 0.5143,  -0.0000, 0.0000)
            (-0.0303, 0.0000,   0.5134, 0.0000)
            (-0.4064, 0.0000, -11.1073, 1.0000)>
MESH
Spider.003
<Matrix 4x4 ( 0.4977, 0.0000,  -0.1298, 0.0000)
            (-0.0000, 0.5143,  -0.0000, 0.0000)
            ( 0.1298, 0.0000,   0.4977, 0.0000)
            ( 1.9641, 0.0000, -14.2227, 1.0000)>
MESH
Spider.004
<Matrix 4x4 ( 0.4786, 0.0000,  -0.1882, 0.0000)
            (-0.0000, 0.5143,  -0.0000, 0.0000)
            ( 0.1882, 0.0000,   0.4786, 0.0000)
            ( 5.3843, 0.0000, -11.0057, 1.0000)>
MESH
Frog.001
<Matrix 4x4 ( 0.3668, 0.0000,   0.0513, 0.0000)
            ( 0.0000, 0.3704,  -0.0000, 0.0000)
            (-0.0513, 0.0000,   0.3668, 0.0000)
            (-4.9983, 3.9235, -17.5549, 1.0000)>
MESH
Frog.002
<Matrix 4x4 ( 0.3681, 0.0000,  -0.0411, 0.0000)
            (-0.0000, 0.3704,  -0.0000, 0.0000)
            ( 0.0411, 0.0000,   0.3681, 0.0000)
            ( 5.1466, 3.9235, -17.5549, 1.0000)>
MESH
Frog.003
<Matrix 4x4 ( 0.3292, 0.0000,  -0.1696, 0.0000)
            (-0.0000, 0.3704,  -0.0000, 0.0000)
            ( 0.1696, 0.0000,   0.3292, 0.0000)
            (15.2763, 3.9235, -17.5549, 1.0000)>
MESH
Frog.004
<Matrix 4x4 (  0.3139, 0.0000,   0.1966, 0.0000)
            (  0.0000, 0.3704,  -0.0000, 0.0000)
            ( -0.1966, 0.0000,   0.3139, 0.0000)
            (-15.2192, 3.9235, -17.5549, 1.0000)>
MESH
SniperRifle
<Matrix 4x4 (-0.0004, -0.0737,  -0.2341, 0.0000)
            ( 0.0017,  0.2341,  -0.0737, 0.0000)
            ( 0.2454, -0.0018,   0.0002, 0.0000)
            (-5.3677,  4.1672, -18.1294, 1.0000)>
MESH
SniperRifle.001
<Matrix 4x4 (  0.1103, -0.0737,  -0.2065, 0.0000)
            (  0.0363,  0.2341,  -0.0641, 0.0000)
            (  0.2162, -0.0018,   0.1162, 0.0000)
            (-15.3372,  4.1672, -18.1294, 1.0000)>
MESH
SniperRifle.002
<Matrix 4x4 (-0.0330, -0.0737,  -0.2318, 0.0000)
            (-0.0085,  0.2341,  -0.0732, 0.0000)
            ( 0.2431, -0.0018,  -0.0340, 0.0000)
            ( 4.7067,  4.1672, -18.1294, 1.0000)>
MESH
SniperRifle.003
<Matrix 4x4 (-0.1251, -0.0737,  -0.1979, 0.0000)
            (-0.0378,  0.2341,  -0.0633, 0.0000)
            ( 0.2078, -0.0018,  -0.1306, 0.0000)
            (14.6938,  4.1672, -17.8028, 1.0000)>
MESH
Snake
<Matrix 4x4 ( 0.3953, 0.0000,   0.0000, 0.0000)
            ( 0.0000, 0.3953,  -0.0000, 0.0000)
            ( 0.0000, 0.0000,   0.3953, 0.0000)
            (-1.6367, 2.7083, -17.3490, 1.0000)>
MESH
AK47
<Matrix 4x4 (-0.0000, -0.0463,  -0.2733, 0.0000)
            (-0.0000,  0.2733,  -0.0463, 0.0000)
            ( 0.2772,  0.0000,  -0.0000, 0.0000)
            (-1.8573,  3.2159, -17.6026, 1.0000)>
MESH
Snake.001
<Matrix 4x4 (0.3953, 0.0000,   0.0000, 0.0000)
            (0.0000, 0.3953,  -0.0000, 0.0000)
            (0.0000, 0.0000,   0.3953, 0.0000)
            (1.8998, 2.7083, -17.3490, 1.0000)>
MESH
AK47.001
<Matrix 4x4 (-0.0000, -0.0463,  -0.2733, 0.0000)
            (-0.0000,  0.2733,  -0.0463, 0.0000)
            ( 0.2772,  0.0000,  -0.0000, 0.0000)
            ( 1.6792,  3.2159, -17.6026, 1.0000)>
MESH
Snake.002
<Matrix 4x4 (0.3953, 0.0000,   0.0000, 0.0000)
            (0.0000, 0.3953,  -0.0000, 0.0000)
            (0.0000, 0.0000,   0.3953, 0.0000)
            (7.2595, 2.7083, -17.3490, 1.0000)>
MESH
AK47.002
<Matrix 4x4 (-0.0000, -0.0463,  -0.2733, 0.0000)
            (-0.0000,  0.2733,  -0.0463, 0.0000)
            ( 0.2772,  0.0000,  -0.0000, 0.0000)
            ( 7.0390,  3.2159, -17.6026, 1.0000)>
MESH
Snake.003
<Matrix 4x4 ( 0.3953, 0.0000,   0.0000, 0.0000)
            ( 0.0000, 0.3953,  -0.0000, 0.0000)
            ( 0.0000, 0.0000,   0.3953, 0.0000)
            (11.2912, 2.7083, -17.3490, 1.0000)>
MESH
AK47.003
<Matrix 4x4 (-0.0000, -0.0463,  -0.2733, 0.0000)
            (-0.0000,  0.2733,  -0.0463, 0.0000)
            ( 0.2772,  0.0000,  -0.0000, 0.0000)
            (11.0706,  3.2159, -17.6026, 1.0000)>
MESH
Snake.004
<Matrix 4x4 ( 0.3953, 0.0000,   0.0000, 0.0000)
            ( 0.0000, 0.3953,  -0.0000, 0.0000)
            ( 0.0000, 0.0000,   0.3953, 0.0000)
            (-7.9748, 2.7083, -17.3490, 1.0000)>
MESH
AK47.004
<Matrix 4x4 (-0.0000, -0.0463,  -0.2733, 0.0000)
            (-0.0000,  0.2733,  -0.0463, 0.0000)
            ( 0.2772,  0.0000,  -0.0000, 0.0000)
            (-8.1953,  3.2159, -17.6026, 1.0000)>
MESH
Snake.005
<Matrix 4x4 (  0.3953, 0.0000,   0.0000, 0.0000)
            (  0.0000, 0.3953,  -0.0000, 0.0000)
            (  0.0000, 0.0000,   0.3953, 0.0000)
            (-11.8225, 2.7083, -17.3490, 1.0000)>
MESH
AK47.005
<Matrix 4x4 ( -0.0000, -0.0463,  -0.2733, 0.0000)
            ( -0.0000,  0.2733,  -0.0463, 0.0000)
            (  0.2772,  0.0000,  -0.0000, 0.0000)
            (-12.0431,  3.2159, -17.6026, 1.0000)>
MESH
Velociraptor.001
<Matrix 4x4 (-0.3071, 0.0000,  -0.0000, 0.0000)
            (-0.0000, 0.3071,   0.0000, 0.0000)
            ( 0.0000, 0.0000,  -0.3071, 0.0000)
            ( 0.0000, 0.0000, -34.0820, 1.0000)>
MESH
Apatosaurus.002
<Matrix 4x4 (-0.6054, 0.0000,  -0.0000, 0.0000)
            (-0.0000, 0.6054,   0.0000, 0.0000)
            ( 0.0000, 0.0000,  -0.6054, 0.0000)
            (-9.8622, 0.0000, -33.2917, 1.0000)>
MESH
Apatosaurus.001
<Matrix 4x4 (-0.6054, 0.0000,  -0.0000, 0.0000)
            (-0.0000, 0.6054,   0.0000, 0.0000)
            ( 0.0000, 0.0000,  -0.6054, 0.0000)
            ( 8.1373, 0.0000, -39.1484, 1.0000)>
MESH
Trex.001
<Matrix 4x4 (-0.4389, 0.0000,  -0.0000, 0.0000)
            (-0.0000, 0.4389,   0.0000, 0.0000)
            ( 0.0000, 0.0000,  -0.4389, 0.0000)
            (-1.4223, 0.0000, -28.5498, 1.0000)>
MESH
Stegosaurus.001
<Matrix 4x4 (-0.3760, 0.0000,  -0.0000, 0.0000)
            (-0.0000, 0.3760,   0.0000, 0.0000)
            ( 0.0000, 0.0000,  -0.3760, 0.0000)
            (-4.7061, 0.0000, -34.6064, 1.0000)>
MESH
Stegosaurus.002
<Matrix 4x4 (-0.3760, 0.0000,  -0.0000, 0.0000)
            (-0.0000, 0.3760,   0.0000, 0.0000)
            ( 0.0000, 0.0000,  -0.3760, 0.0000)
            ( 5.1279, 0.0000, -24.1222, 1.0000)>
MESH
Stegosaurus.003
<Matrix 4x4 ( -0.3760, 0.0000,  -0.0000, 0.0000)
            ( -0.0000, 0.3760,   0.0000, 0.0000)
            (  0.0000, 0.0000,  -0.3760, 0.0000)
            (-14.9872, 0.0000, -26.6823, 1.0000)>
MESH
Stegosaurus.004
<Matrix 4x4 (-0.3760, 0.0000,  -0.0000, 0.0000)
            (-0.0000, 0.3760,   0.0000, 0.0000)
            ( 0.0000, 0.0000,  -0.3760, 0.0000)
            (15.3682, 0.0000, -36.9226, 1.0000)>
MESH
Velociraptor.002
<Matrix 4x4 (-0.3071, 0.0000,  -0.0000, 0.0000)
            (-0.0000, 0.3071,   0.0000, 0.0000)
            ( 0.0000, 0.0000,  -0.3071, 0.0000)
            (-6.7863, 0.0000, -27.8240, 1.0000)>
MESH
Velociraptor.003
<Matrix 4x4 (-0.3071, 0.0000,  -0.0000, 0.0000)
            (-0.0000, 0.3071,   0.0000, 0.0000)
            ( 0.0000, 0.0000,  -0.3071, 0.0000)
            ( 6.5425, 0.0000, -33.1067, 1.0000)>
MESH
Velociraptor.004
<Matrix 4x4 (-0.3071, 0.0000,  -0.0000, 0.0000)
            (-0.0000, 0.3071,   0.0000, 0.0000)
            ( 0.0000, 0.0000,  -0.3071, 0.0000)
            ( 2.2350, 0.0000, -22.9070, 1.0000)>
MESH
Velociraptor.005
<Matrix 4x4 ( -0.3071, 0.0000,  -0.0000, 0.0000)
            ( -0.0000, 0.3071,   0.0000, 0.0000)
            (  0.0000, 0.0000,  -0.3071, 0.0000)
            (-14.0196, 0.0000, -35.0166, 1.0000)>
MESH
Velociraptor.006
<Matrix 4x4 (-0.3071, 0.0000,  -0.0000, 0.0000)
            (-0.0000, 0.3071,   0.0000, 0.0000)
            ( 0.0000, 0.0000,  -0.3071, 0.0000)
            (12.8817, 0.0000, -29.6526, 1.0000)>
MESH
Velociraptor.007
<Matrix 4x4 (-0.3071, 0.0000,  -0.0000, 0.0000)
            (-0.0000, 0.3071,   0.0000, 0.0000)
            ( 0.0000, 0.0000,  -0.3071, 0.0000)
            (-6.0142, 0.0000, -46.0697, 1.0000)>
MESH
Parasaurolophus.001
<Matrix 4x4 (-0.4672, 0.0000,  -0.0000, 0.0000)
            (-0.0000, 0.4672,   0.0000, 0.0000)
            ( 0.0000, 0.0000,  -0.4672, 0.0000)
            ( 2.0891, 0.0000, -39.5461, 1.0000)>
MESH
Parasaurolophus.002
<Matrix 4x4 (-0.4672, 0.0000,  -0.0000, 0.0000)
            (-0.0000, 0.4672,   0.0000, 0.0000)
            ( 0.0000, 0.0000,  -0.4672, 0.0000)
            (-2.7060, 0.0000, -43.7316, 1.0000)>
MESH
Parasaurolophus.003
<Matrix 4x4 (-0.4672, 0.0000,  -0.0000, 0.0000)
            (-0.0000, 0.4672,   0.0000, 0.0000)
            ( 0.0000, 0.0000,  -0.4672, 0.0000)
            (-9.0046, 0.0000, -40.7245, 1.0000)>
MESH
Parasaurolophus.004
<Matrix 4x4 ( -0.4672, 0.0000,  -0.0000, 0.0000)
            ( -0.0000, 0.4672,   0.0000, 0.0000)
            (  0.0000, 0.0000,  -0.4672, 0.0000)
            (-11.1990, 0.0000, -23.8198, 1.0000)>
MESH
Parasaurolophus.005
<Matrix 4x4 (-0.4672, 0.0000,  -0.0000, 0.0000)
            (-0.0000, 0.4672,   0.0000, 0.0000)
            ( 0.0000, 0.0000,  -0.4672, 0.0000)
            (-3.1124, 0.0000, -23.0071, 1.0000)>
MESH
Parasaurolophus.006
<Matrix 4x4 (-0.4672, 0.0000,  -0.0000, 0.0000)
            (-0.0000, 0.4672,   0.0000, 0.0000)
            ( 0.0000, 0.0000,  -0.4672, 0.0000)
            (11.7605, 0.0000, -24.4293, 1.0000)>
MESH
Parasaurolophus.007
<Matrix 4x4 (-0.4672, 0.0000,  -0.0000, 0.0000)
            (-0.0000, 0.4672,   0.0000, 0.0000)
            ( 0.0000, 0.0000,  -0.4672, 0.0000)
            (11.1510, 0.0000, -35.4418, 1.0000)>
MESH
Parasaurolophus.008
<Matrix 4x4 (-0.4672, 0.0000,  -0.0000, 0.0000)
            (-0.0000, 0.4672,   0.0000, 0.0000)
            ( 0.0000, 0.0000,  -0.4672, 0.0000)
            ( 2.1704, 0.0000, -32.0690, 1.0000)>
MESH
Triceratops.001
<Matrix 4x4 (-0.3197, 0.0000,  -0.0000, 0.0000)
            (-0.0000, 0.3197,   0.0000, 0.0000)
            ( 0.0000, 0.0000,  -0.3197, 0.0000)
            ( 1.7474, 0.0000, -27.9007, 1.0000)>
MESH
Triceratops.002
<Matrix 4x4 (-0.3197, 0.0000,  -0.0000, 0.0000)
            (-0.0000, 0.3197,   0.0000, 0.0000)
            ( 0.0000, 0.0000,  -0.3197, 0.0000)
            (-5.3234, 0.0000, -24.2028, 1.0000)>
MESH
Triceratops.003
<Matrix 4x4 ( -0.3197, 0.0000,  -0.0000, 0.0000)
            ( -0.0000, 0.3197,   0.0000, 0.0000)
            (  0.0000, 0.0000,  -0.3197, 0.0000)
            (-15.9734, 0.0000, -40.5289, 1.0000)>
MESH
Triceratops.004
<Matrix 4x4 (-0.3197, 0.0000,  -0.0000, 0.0000)
            (-0.0000, 0.3197,   0.0000, 0.0000)
            ( 0.0000, 0.0000,  -0.3197, 0.0000)
            ( 4.2733, 0.0000, -36.7838, 1.0000)>
MESH
Triceratops.005
<Matrix 4x4 (-0.3197, 0.0000,  -0.0000, 0.0000)
            (-0.0000, 0.3197,   0.0000, 0.0000)
            ( 0.0000, 0.0000,  -0.3197, 0.0000)
            (16.0351, 0.0000, -27.7138, 1.0000)>
