# Game Level Exporter v1.0
MESH
Plane
<Matrix 4x4 (50.0000,   0.0000,  0.0000, 0.0000)
            ( 0.0000,   0.0000, 50.0000, 0.0000)
            ( 0.0000, -50.0000,  0.0000, 0.0000)
            ( 0.0000,   0.0000,  0.0000, 1.0000)>
MESH
PointyTower
<Matrix 4x4 (1.2000,  0.0000,   0.0000, 0.0000)
            (0.0000, -0.0000,   1.2000, 0.0000)
            (0.0000, -1.2000,  -0.0000, 0.0000)
            (9.2230,  0.0000, -16.1177, 1.0000)>
MESH
SmallSquareTower
<Matrix 4x4 (1.0000,  0.0000,   0.0000, 0.0000)
            (0.0000, -0.0000,   1.0000, 0.0000)
            (0.0000, -1.0000,  -0.0000, 0.0000)
            (9.8222,  0.0000, -20.1514, 1.0000)>
MESH
Wall
<Matrix 4x4 ( 0.9980,  0.0000,   0.0000, 0.0000)
            ( 0.0000, -0.0000,   0.9980, 0.0000)
            ( 0.0000, -0.9980,  -0.0000, 0.0000)
            (12.3779,  0.0000, -20.1230, 1.0000)>
MESH
Wall.001
<Matrix 4x4 ( 0.9980,  0.0000,   0.0000, 0.0000)
            ( 0.0000, -0.0000,   0.9980, 0.0000)
            ( 0.0000, -0.9980,  -0.0000, 0.0000)
            (10.8644,  0.0000, -20.1230, 1.0000)>
MESH
Wall.002
<Matrix 4x4 (0.9980,  0.0000,   0.0000, 0.0000)
            (0.0000, -0.0000,   0.9980, 0.0000)
            (0.0000, -0.9980,  -0.0000, 0.0000)
            (8.8028,  0.0000, -20.1230, 1.0000)>
MESH
Wall.003
<Matrix 4x4 (0.9980,  0.0000,   0.0000, 0.0000)
            (0.0000, -0.0000,   0.9980, 0.0000)
            (0.0000, -0.9980,  -0.0000, 0.0000)
            (7.2965,  0.0000, -20.1230, 1.0000)>
MESH
SmallSquareTower.002
<Matrix 4x4 (1.0000,  0.0000,   0.0000, 0.0000)
            (0.0000, -0.0000,   1.0000, 0.0000)
            (0.0000, -1.0000,  -0.0000, 0.0000)
            (6.2582,  0.0000, -20.1514, 1.0000)>
MESH
WallEntrance.001
<Matrix 4x4 (1.0000,  0.0000,   0.0000, 0.0000)
            (0.0000, -0.0000,   1.0000, 0.0000)
            (0.0000, -1.0000,  -0.0000, 0.0000)
            (5.2361,  0.0000, -20.2735, 1.0000)>
MESH
SmallSquareTower.003
<Matrix 4x4 (1.0000,  0.0000,   0.0000, 0.0000)
            (0.0000, -0.0000,   1.0000, 0.0000)
            (0.0000, -1.0000,  -0.0000, 0.0000)
            (4.2060,  0.0000, -20.1514, 1.0000)>
MESH
Wall.004
<Matrix 4x4 (0.9980,  0.0000,   0.0000, 0.0000)
            (0.0000, -0.0000,   0.9980, 0.0000)
            (0.0000, -0.9980,  -0.0000, 0.0000)
            (3.2270,  0.0000, -20.1230, 1.0000)>
MESH
Wall.005
<Matrix 4x4 (0.9980,  0.0000,   0.0000, 0.0000)
            (0.0000, -0.0000,   0.9980, 0.0000)
            (0.0000, -0.9980,  -0.0000, 0.0000)
            (1.7208,  0.0000, -20.1230, 1.0000)>
MESH
SmallSquareTower.004
<Matrix 4x4 ( 1.0000,  0.0000,   0.0000, 0.0000)
            ( 0.0000, -0.0000,   1.0000, 0.0000)
            ( 0.0000, -1.0000,  -0.0000, 0.0000)
            (-2.8363,  0.0000, -20.1514, 1.0000)>
MESH
Wall.006
<Matrix 4x4 ( 0.9980,  0.0000,   0.0000, 0.0000)
            ( 0.0000, -0.0000,   0.9980, 0.0000)
            ( 0.0000, -0.9980,  -0.0000, 0.0000)
            (-0.2807,  0.0000, -20.1230, 1.0000)>
MESH
Wall.007
<Matrix 4x4 ( 0.9980,  0.0000,   0.0000, 0.0000)
            ( 0.0000, -0.0000,   0.9980, 0.0000)
            ( 0.0000, -0.9980,  -0.0000, 0.0000)
            (-1.7941,  0.0000, -20.1230, 1.0000)>
MESH
SmallSquareTower.005
<Matrix 4x4 (1.0000,  0.0000,   0.0000, 0.0000)
            (0.0000, -0.0000,   1.0000, 0.0000)
            (0.0000, -1.0000,  -0.0000, 0.0000)
            (0.7143,  0.0000, -20.1514, 1.0000)>
MESH
SmallSquareTower.006
<Matrix 4x4 (-0.0000,  0.0000,  1.0000, 0.0000)
            (-1.0000, -0.0000, -0.0000, 0.0000)
            ( 0.0000, -1.0000,  0.0000, 0.0000)
            (13.3786,  0.0000, -7.5061, 1.0000)>
MESH
Wall.008
<Matrix 4x4 (-0.0000,  0.0000,  0.9980, 0.0000)
            (-0.9980, -0.0000, -0.0000, 0.0000)
            ( 0.0000, -0.9980,  0.0000, 0.0000)
            (13.3502,  0.0000, -4.9504, 1.0000)>
MESH
Wall.009
<Matrix 4x4 (-0.0000,  0.0000,  0.9980, 0.0000)
            (-0.9980, -0.0000, -0.0000, 0.0000)
            ( 0.0000, -0.9980,  0.0000, 0.0000)
            (13.3502,  0.0000, -6.4638, 1.0000)>
MESH
Wall.010
<Matrix 4x4 (-0.0000,  0.0000,  0.9980, 0.0000)
            (-0.9980, -0.0000, -0.0000, 0.0000)
            ( 0.0000, -0.9980,  0.0000, 0.0000)
            (13.3502,  0.0000, -8.5255, 1.0000)>
MESH
SmallSquareTower.007
<Matrix 4x4 (-0.0000,  0.0000,  1.0000, 0.0000)
            (-1.0000, -0.0000, -0.0000, 0.0000)
            ( 0.0000, -1.0000,  0.0000, 0.0000)
            (13.3786,  0.0000, -3.9555, 1.0000)>
MESH
Wall.011
<Matrix 4x4 (-0.0000,  0.0000,   0.9980, 0.0000)
            (-0.9980, -0.0000,  -0.0000, 0.0000)
            ( 0.0000, -0.9980,   0.0000, 0.0000)
            (13.3502,  0.0000, -10.0317, 1.0000)>
MESH
SmallSquareTower.008
<Matrix 4x4 (-0.0000,  0.0000,   1.0000, 0.0000)
            (-1.0000, -0.0000,  -0.0000, 0.0000)
            ( 0.0000, -1.0000,   0.0000, 0.0000)
            (13.3786,  0.0000, -11.0701, 1.0000)>
MESH
SmallSquareTower.009
<Matrix 4x4 (-0.0000,  0.0000,   1.0000, 0.0000)
            (-1.0000, -0.0000,  -0.0000, 0.0000)
            ( 0.0000, -1.0000,   0.0000, 0.0000)
            (13.3786,  0.0000, -13.1223, 1.0000)>
MESH
Wall.012
<Matrix 4x4 (-0.0000,  0.0000,   0.9980, 0.0000)
            (-0.9980, -0.0000,  -0.0000, 0.0000)
            ( 0.0000, -0.9980,   0.0000, 0.0000)
            (13.3502,  0.0000, -14.1012, 1.0000)>
MESH
Wall.013
<Matrix 4x4 (-0.0000,  0.0000,   0.9980, 0.0000)
            (-0.9980, -0.0000,  -0.0000, 0.0000)
            ( 0.0000, -0.9980,   0.0000, 0.0000)
            (13.3502,  0.0000, -15.6075, 1.0000)>
MESH
SmallSquareTower.010
<Matrix 4x4 (-0.0000,  0.0000,   1.0000, 0.0000)
            (-1.0000, -0.0000,  -0.0000, 0.0000)
            ( 0.0000, -1.0000,   0.0000, 0.0000)
            (13.3786,  0.0000, -20.1646, 1.0000)>
MESH
Wall.014
<Matrix 4x4 (-0.0000,  0.0000,   0.9980, 0.0000)
            (-0.9980, -0.0000,  -0.0000, 0.0000)
            ( 0.0000, -0.9980,   0.0000, 0.0000)
            (13.3502,  0.0000, -17.6089, 1.0000)>
MESH
Wall.015
<Matrix 4x4 (-0.0000,  0.0000,   0.9980, 0.0000)
            (-0.9980, -0.0000,  -0.0000, 0.0000)
            ( 0.0000, -0.9980,   0.0000, 0.0000)
            (13.3502,  0.0000, -19.1224, 1.0000)>
MESH
SmallSquareTower.011
<Matrix 4x4 (-0.0000,  0.0000,   1.0000, 0.0000)
            (-1.0000, -0.0000,  -0.0000, 0.0000)
            ( 0.0000, -1.0000,   0.0000, 0.0000)
            (13.3786,  0.0000, -16.6140, 1.0000)>
MESH
Wall.016
<Matrix 4x4 (-0.0000,  0.0000,   0.9980, 0.0000)
            (-0.9980, -0.0000,  -0.0000, 0.0000)
            ( 0.0000, -0.9980,   0.0000, 0.0000)
            (13.3502,  0.0000, -12.0796, 1.0000)>
MESH
SmallSquareTower.001
<Matrix 4x4 (-1.0000,  0.0000, -0.0000, 0.0000)
            ( 0.0000, -0.0000, -1.0000, 0.0000)
            (-0.0000, -1.0000,  0.0000, 0.0000)
            ( 0.7226,  0.0000, -3.9627, 1.0000)>
MESH
Wall.017
<Matrix 4x4 (-0.9980,  0.0000, -0.0000, 0.0000)
            ( 0.0000, -0.0000, -0.9980, 0.0000)
            (-0.0000, -0.9980,  0.0000, 0.0000)
            (-1.8331,  0.0000, -3.9911, 1.0000)>
MESH
Wall.018
<Matrix 4x4 (-0.9980,  0.0000, -0.0000, 0.0000)
            ( 0.0000, -0.0000, -0.9980, 0.0000)
            (-0.0000, -0.9980,  0.0000, 0.0000)
            (-0.3197,  0.0000, -3.9911, 1.0000)>
MESH
Wall.019
<Matrix 4x4 (-0.9980,  0.0000, -0.0000, 0.0000)
            ( 0.0000, -0.0000, -0.9980, 0.0000)
            (-0.0000, -0.9980,  0.0000, 0.0000)
            ( 1.7420,  0.0000, -3.9911, 1.0000)>
MESH
SmallSquareTower.012
<Matrix 4x4 (-1.0000,  0.0000, -0.0000, 0.0000)
            ( 0.0000, -0.0000, -1.0000, 0.0000)
            (-0.0000, -1.0000,  0.0000, 0.0000)
            (-2.8281,  0.0000, -3.9627, 1.0000)>
MESH
Wall.020
<Matrix 4x4 (-0.9980,  0.0000, -0.0000, 0.0000)
            ( 0.0000, -0.0000, -0.9980, 0.0000)
            (-0.0000, -0.9980,  0.0000, 0.0000)
            ( 3.2482,  0.0000, -3.9911, 1.0000)>
MESH
SmallSquareTower.013
<Matrix 4x4 (-1.0000,  0.0000, -0.0000, 0.0000)
            ( 0.0000, -0.0000, -1.0000, 0.0000)
            (-0.0000, -1.0000,  0.0000, 0.0000)
            ( 4.2866,  0.0000, -3.9627, 1.0000)>
MESH
SmallSquareTower.014
<Matrix 4x4 (-1.0000,  0.0000, -0.0000, 0.0000)
            ( 0.0000, -0.0000, -1.0000, 0.0000)
            (-0.0000, -1.0000,  0.0000, 0.0000)
            ( 6.3388,  0.0000, -3.9627, 1.0000)>
MESH
Wall.021
<Matrix 4x4 (-0.9980,  0.0000, -0.0000, 0.0000)
            ( 0.0000, -0.0000, -0.9980, 0.0000)
            (-0.0000, -0.9980,  0.0000, 0.0000)
            ( 7.3177,  0.0000, -3.9911, 1.0000)>
MESH
Wall.022
<Matrix 4x4 (-0.9980,  0.0000, -0.0000, 0.0000)
            ( 0.0000, -0.0000, -0.9980, 0.0000)
            (-0.0000, -0.9980,  0.0000, 0.0000)
            ( 8.8239,  0.0000, -3.9911, 1.0000)>
MESH
Wall.023
<Matrix 4x4 (-0.9980,  0.0000, -0.0000, 0.0000)
            ( 0.0000, -0.0000, -0.9980, 0.0000)
            (-0.0000, -0.9980,  0.0000, 0.0000)
            (10.8254,  0.0000, -3.9911, 1.0000)>
MESH
Wall.024
<Matrix 4x4 (-0.9980,  0.0000, -0.0000, 0.0000)
            ( 0.0000, -0.0000, -0.9980, 0.0000)
            (-0.0000, -0.9980,  0.0000, 0.0000)
            (12.3388,  0.0000, -3.9911, 1.0000)>
MESH
SmallSquareTower.015
<Matrix 4x4 (-1.0000,  0.0000, -0.0000, 0.0000)
            ( 0.0000, -0.0000, -1.0000, 0.0000)
            (-0.0000, -1.0000,  0.0000, 0.0000)
            ( 9.8305,  0.0000, -3.9627, 1.0000)>
MESH
Wall.025
<Matrix 4x4 (-0.9980,  0.0000, -0.0000, 0.0000)
            ( 0.0000, -0.0000, -0.9980, 0.0000)
            (-0.0000, -0.9980,  0.0000, 0.0000)
            ( 5.2960,  0.0000, -3.9911, 1.0000)>
MESH
SmallSquareTower.016
<Matrix 4x4 ( 0.0000,  0.0000,  -1.0000, 0.0000)
            ( 1.0000, -0.0000,   0.0000, 0.0000)
            (-0.0000, -1.0000,  -0.0000, 0.0000)
            (-2.8727,  0.0000, -16.5868, 1.0000)>
MESH
Wall.026
<Matrix 4x4 ( 0.0000,  0.0000,  -0.9980, 0.0000)
            ( 0.9980, -0.0000,   0.0000, 0.0000)
            (-0.0000, -0.9980,  -0.0000, 0.0000)
            (-2.8443,  0.0000, -19.1424, 1.0000)>
MESH
Wall.027
<Matrix 4x4 ( 0.0000,  0.0000,  -0.9980, 0.0000)
            ( 0.9980, -0.0000,   0.0000, 0.0000)
            (-0.0000, -0.9980,  -0.0000, 0.0000)
            (-2.8443,  0.0000, -17.6290, 1.0000)>
MESH
Wall.028
<Matrix 4x4 ( 0.0000,  0.0000,  -0.9980, 0.0000)
            ( 0.9980, -0.0000,   0.0000, 0.0000)
            (-0.0000, -0.9980,  -0.0000, 0.0000)
            (-2.8443,  0.0000, -15.5674, 1.0000)>
MESH
Wall.029
<Matrix 4x4 ( 0.0000,  0.0000,  -0.9980, 0.0000)
            ( 0.9980, -0.0000,   0.0000, 0.0000)
            (-0.0000, -0.9980,  -0.0000, 0.0000)
            (-2.8443,  0.0000, -14.0611, 1.0000)>
MESH
SmallSquareTower.017
<Matrix 4x4 ( 0.0000,  0.0000,  -1.0000, 0.0000)
            ( 1.0000, -0.0000,   0.0000, 0.0000)
            (-0.0000, -1.0000,  -0.0000, 0.0000)
            (-2.8727,  0.0000, -13.0227, 1.0000)>
MESH
SmallSquareTower.018
<Matrix 4x4 ( 0.0000,  0.0000,  -1.0000, 0.0000)
            ( 1.0000, -0.0000,   0.0000, 0.0000)
            (-0.0000, -1.0000,  -0.0000, 0.0000)
            (-2.8727,  0.0000, -10.9706, 1.0000)>
MESH
Wall.030
<Matrix 4x4 ( 0.0000,  0.0000, -0.9980, 0.0000)
            ( 0.9980, -0.0000,  0.0000, 0.0000)
            (-0.0000, -0.9980, -0.0000, 0.0000)
            (-2.8443,  0.0000, -9.9916, 1.0000)>
MESH
Wall.031
<Matrix 4x4 ( 0.0000,  0.0000, -0.9980, 0.0000)
            ( 0.9980, -0.0000,  0.0000, 0.0000)
            (-0.0000, -0.9980, -0.0000, 0.0000)
            (-2.8443,  0.0000, -8.4854, 1.0000)>
MESH
Wall.032
<Matrix 4x4 ( 0.0000,  0.0000, -0.9980, 0.0000)
            ( 0.9980, -0.0000,  0.0000, 0.0000)
            (-0.0000, -0.9980, -0.0000, 0.0000)
            (-2.8443,  0.0000, -6.4839, 1.0000)>
MESH
Wall.033
<Matrix 4x4 ( 0.0000,  0.0000, -0.9980, 0.0000)
            ( 0.9980, -0.0000,  0.0000, 0.0000)
            (-0.0000, -0.9980, -0.0000, 0.0000)
            (-2.8443,  0.0000, -4.9705, 1.0000)>
MESH
SmallSquareTower.019
<Matrix 4x4 ( 0.0000,  0.0000, -1.0000, 0.0000)
            ( 1.0000, -0.0000,  0.0000, 0.0000)
            (-0.0000, -1.0000, -0.0000, 0.0000)
            (-2.8727,  0.0000, -7.4789, 1.0000)>
MESH
Wall.034
<Matrix 4x4 ( 0.0000,  0.0000,  -0.9980, 0.0000)
            ( 0.9980, -0.0000,   0.0000, 0.0000)
            (-0.0000, -0.9980,  -0.0000, 0.0000)
            (-2.8443,  0.0000, -12.0133, 1.0000)>
MESH
TallWall.001
<Matrix 4x4 (1.0000,  0.0000,   0.0000, 0.0000)
            (0.0000, -0.0000,   1.0000, 0.0000)
            (0.0000, -1.5000,  -0.0000, 0.0000)
            (8.1219,  0.0000, -16.2901, 1.0000)>
MESH
TallWall.002
<Matrix 4x4 (1.0000,  0.0000,   0.0000, 0.0000)
            (0.0000, -0.0000,   1.0000, 0.0000)
            (0.0000, -1.5000,  -0.0000, 0.0000)
            (6.6393,  0.0000, -16.2901, 1.0000)>
MESH
TallWall.003
<Matrix 4x4 (1.0000,  0.0000,   0.0000, 0.0000)
            (0.0000, -0.0000,   1.0000, 0.0000)
            (0.0000, -1.5000,  -0.0000, 0.0000)
            (5.1057,  0.0000, -16.2901, 1.0000)>
MESH
TallWall.004
<Matrix 4x4 (1.0000,  0.0000,   0.0000, 0.0000)
            (0.0000, -0.0000,   1.0000, 0.0000)
            (0.0000, -1.5000,  -0.0000, 0.0000)
            (3.6231,  0.0000, -16.2901, 1.0000)>
MESH
TallWall.005
<Matrix 4x4 (1.0000,  0.0000,   0.0000, 0.0000)
            (0.0000, -0.0000,   1.0000, 0.0000)
            (0.0000, -1.5000,  -0.0000, 0.0000)
            (2.1252,  0.0000, -16.2901, 1.0000)>
MESH
PointyTower.001
<Matrix 4x4 (1.2000,  0.0000,   0.0000, 0.0000)
            (0.0000, -0.0000,   1.2000, 0.0000)
            (0.0000, -1.2000,  -0.0000, 0.0000)
            (1.0862,  0.0000, -16.1177, 1.0000)>
MESH
PointyTower.002
<Matrix 4x4 (-0.0000,  0.0000,  1.2000, 0.0000)
            (-1.2000, -0.0000, -0.0000, 0.0000)
            ( 0.0000, -1.2000,  0.0000, 0.0000)
            ( 9.2312,  0.0000, -7.9688, 1.0000)>
MESH
TallWall.006
<Matrix 4x4 (-0.0000,  0.0000,  1.0000, 0.0000)
            (-1.0000, -0.0000, -0.0000, 0.0000)
            ( 0.0000, -1.5000,  0.0000, 0.0000)
            ( 9.4036,  0.0000, -9.0699, 1.0000)>
MESH
TallWall.007
<Matrix 4x4 (-0.0000,  0.0000,   1.0000, 0.0000)
            (-1.0000, -0.0000,  -0.0000, 0.0000)
            ( 0.0000, -1.5000,   0.0000, 0.0000)
            ( 9.4036,  0.0000, -10.5525, 1.0000)>
MESH
TallWall.008
<Matrix 4x4 (-0.0000,  0.0000,   1.0000, 0.0000)
            (-1.0000, -0.0000,  -0.0000, 0.0000)
            ( 0.0000, -1.5000,   0.0000, 0.0000)
            ( 9.4036,  0.0000, -12.0861, 1.0000)>
MESH
TallWall.009
<Matrix 4x4 (-0.0000,  0.0000,   1.0000, 0.0000)
            (-1.0000, -0.0000,  -0.0000, 0.0000)
            ( 0.0000, -1.5000,   0.0000, 0.0000)
            ( 9.4036,  0.0000, -13.5687, 1.0000)>
MESH
TallWall.010
<Matrix 4x4 (-0.0000,  0.0000,   1.0000, 0.0000)
            (-1.0000, -0.0000,  -0.0000, 0.0000)
            ( 0.0000, -1.5000,   0.0000, 0.0000)
            ( 9.4036,  0.0000, -15.0666, 1.0000)>
MESH
PointyTower.003
<Matrix 4x4 (-1.2000,  0.0000, -0.0000, 0.0000)
            ( 0.0000, -0.0000, -1.2000, 0.0000)
            (-0.0000, -1.2000,  0.0000, 0.0000)
            ( 1.0334,  0.0000, -7.9979, 1.0000)>
MESH
TallWall.011
<Matrix 4x4 (-1.0000,  0.0000, -0.0000, 0.0000)
            ( 0.0000, -0.0000, -1.0000, 0.0000)
            (-0.0000, -1.5000,  0.0000, 0.0000)
            ( 2.1344,  0.0000, -7.8256, 1.0000)>
MESH
TallWall.012
<Matrix 4x4 (-1.0000,  0.0000, -0.0000, 0.0000)
            ( 0.0000, -0.0000, -1.0000, 0.0000)
            (-0.0000, -1.5000,  0.0000, 0.0000)
            ( 3.6171,  0.0000, -7.8256, 1.0000)>
MESH
TallWall.013
<Matrix 4x4 (-1.0000,  0.0000, -0.0000, 0.0000)
            ( 0.0000, -0.0000, -1.0000, 0.0000)
            (-0.0000, -1.5000,  0.0000, 0.0000)
            ( 5.1507,  0.0000, -7.8256, 1.0000)>
MESH
TallWall.014
<Matrix 4x4 (-1.0000,  0.0000, -0.0000, 0.0000)
            ( 0.0000, -0.0000, -1.0000, 0.0000)
            (-0.0000, -1.5000,  0.0000, 0.0000)
            ( 6.6333,  0.0000, -7.8256, 1.0000)>
MESH
TallWall.015
<Matrix 4x4 (-1.0000,  0.0000, -0.0000, 0.0000)
            ( 0.0000, -0.0000, -1.0000, 0.0000)
            (-0.0000, -1.5000,  0.0000, 0.0000)
            ( 8.1312,  0.0000, -7.8256, 1.0000)>
MESH
TallWall.016
<Matrix 4x4 ( 0.0000,  0.0000,  -1.0000, 0.0000)
            ( 1.0000, -0.0000,   0.0000, 0.0000)
            (-0.0000, -1.5000,  -0.0000, 0.0000)
            ( 0.9300,  0.0000, -15.0709, 1.0000)>
MESH
TallWall.017
<Matrix 4x4 ( 0.0000,  0.0000,  -1.0000, 0.0000)
            ( 1.0000, -0.0000,   0.0000, 0.0000)
            (-0.0000, -1.5000,  -0.0000, 0.0000)
            ( 0.9300,  0.0000, -13.5883, 1.0000)>
MESH
TallWall.018
<Matrix 4x4 ( 0.0000,  0.0000,  -1.0000, 0.0000)
            ( 1.0000, -0.0000,   0.0000, 0.0000)
            (-0.0000, -1.5000,  -0.0000, 0.0000)
            ( 0.9300,  0.0000, -12.0546, 1.0000)>
MESH
TallWall.019
<Matrix 4x4 ( 0.0000,  0.0000,  -1.0000, 0.0000)
            ( 1.0000, -0.0000,   0.0000, 0.0000)
            (-0.0000, -1.5000,  -0.0000, 0.0000)
            ( 0.9300,  0.0000, -10.5720, 1.0000)>
MESH
TallWall.020
<Matrix 4x4 ( 0.0000,  0.0000, -1.0000, 0.0000)
            ( 1.0000, -0.0000,  0.0000, 0.0000)
            (-0.0000, -1.5000, -0.0000, 0.0000)
            ( 0.9300,  0.0000, -9.0741, 1.0000)>
MESH
Plane.001
<Matrix 4x4 (4.2384,  0.0000,   0.0000, 0.0000)
            (0.0000,  0.0000,   4.2384, 0.0000)
            (0.0000, -4.2384,   0.0000, 0.0000)
            (5.1129,  3.2529, -12.1063, 1.0000)>
MESH
Tower.001
<Matrix 4x4 (3.5750,  0.0000,   0.0000, 0.0000)
            (0.0000, -0.0000,   3.5750, 0.0000)
            (0.0000, -3.5750,  -0.0000, 0.0000)
            (5.2169, -6.4718, -12.0663, 1.0000)>
MESH
Bronto
<Matrix 4x4 (-0.2681, 0.0000,  -0.0000, 0.0000)
            (-0.0000, 0.2681,   0.0000, 0.0000)
            ( 0.0000, 0.0000,  -0.2681, 0.0000)
            ( 7.3812, 0.0000, -31.9424, 1.0000)>
MESH
Parasaurolophus_Cylinder
<Matrix 4x4 ( 0.0000, -0.1744,   0.0000, 0.0000)
            (-0.1744, -0.0000,   0.0000, 0.0000)
            (-0.0000, -0.0000,  -0.1744, 0.0000)
            ( 0.0000,  0.0000, -27.2531, 1.0000)>
MESH
Stegosaurus_Cylinder
<Matrix 4x4 (-0.1474, 0.0000,  -0.0000, 0.0000)
            (-0.0000, 0.1474,   0.0000, 0.0000)
            ( 0.0000, 0.0000,  -0.1474, 0.0000)
            ( 9.7780, 0.0000, -23.9824, 1.0000)>
MESH
Trex_Cylinder
<Matrix 4x4 (-0.1879, 0.0000,  -0.0000, 0.0000)
            (-0.0000, 0.1879,   0.0000, 0.0000)
            ( 0.0000, 0.0000,  -0.1879, 0.0000)
            ( 5.1078, 0.0000, -26.1576, 1.0000)>
MESH
Triceratops_Cylinder
<Matrix 4x4 (-0.1366, 0.0000,  -0.0000, 0.0000)
            (-0.0000, 0.1366,   0.0000, 0.0000)
            ( 0.0000, 0.0000,  -0.1366, 0.0000)
            (-2.9209, 0.0000, -31.7582, 1.0000)>
MESH
Velociraptor_Cylinder
<Matrix 4x4 (-0.1311, 0.0000,  -0.0000, 0.0000)
            (-0.0000, 0.1311,   0.0000, 0.0000)
            ( 0.0000, 0.0000,  -0.1311, 0.0000)
            ( 1.4805, 0.0000, -28.1312, 1.0000)>
MESH
Bronto.001
<Matrix 4x4 (-0.2681, 0.0000,  -0.0000, 0.0000)
            (-0.0000, 0.2681,   0.0000, 0.0000)
            ( 0.0000, 0.0000,  -0.2681, 0.0000)
            (-1.7902, 0.0000, -29.1769, 1.0000)>
MESH
Stegosaurus_Cylinder.001
<Matrix 4x4 (-0.1474, 0.0000,  -0.0000, 0.0000)
            (-0.0000, 0.1474,   0.0000, 0.0000)
            ( 0.0000, 0.0000,  -0.1474, 0.0000)
            ( 3.1182, 0.0000, -26.5222, 1.0000)>
MESH
Stegosaurus_Cylinder.002
<Matrix 4x4 (0.0000,  0.1474,   0.0000, 0.0000)
            (0.1474, -0.0000,   0.0000, 0.0000)
            (0.0000, -0.0000,  -0.1474, 0.0000)
            (1.0864,  0.0000, -24.0670, 1.0000)>
MESH
Velociraptor_Cylinder.001
<Matrix 4x4 (-0.1311, 0.0000,  -0.0000, 0.0000)
            (-0.0000, 0.1311,   0.0000, 0.0000)
            ( 0.0000, 0.0000,  -0.1311, 0.0000)
            ( 2.5529, 0.0000, -23.4467, 1.0000)>
MESH
Velociraptor_Cylinder.002
<Matrix 4x4 (0.0000,  0.1311,   0.0000, 0.0000)
            (0.1311, -0.0000,   0.0000, 0.0000)
            (0.0000, -0.0000,  -0.1311, 0.0000)
            (8.0275,  0.0000, -24.3780, 1.0000)>
MESH
Velociraptor_Cylinder.003
<Matrix 4x4 (-0.1311, 0.0000,  -0.0000, 0.0000)
            (-0.0000, 0.1311,   0.0000, 0.0000)
            ( 0.0000, 0.0000,  -0.1311, 0.0000)
            ( 9.4103, 0.0000, -29.5704, 1.0000)>
MESH
Velociraptor_Cylinder.004
<Matrix 4x4 ( 0.0000, -0.1311,   0.0000, 0.0000)
            (-0.1311, -0.0000,   0.0000, 0.0000)
            (-0.0000, -0.0000,  -0.1311, 0.0000)
            ( 4.7822,  0.0000, -31.2354, 1.0000)>
MESH
Parasaurolophus_Cylinder.001
<Matrix 4x4 (-0.1744, 0.0000,  -0.0000, 0.0000)
            (-0.0000, 0.1744,   0.0000, 0.0000)
            ( 0.0000, 0.0000,  -0.1744, 0.0000)
            ( 4.1765, 0.0000, -22.4276, 1.0000)>
MESH
Parasaurolophus_Cylinder.002
<Matrix 4x4 (-0.1744, 0.0000,  -0.0000, 0.0000)
            (-0.0000, 0.1744,   0.0000, 0.0000)
            ( 0.0000, 0.0000,  -0.1744, 0.0000)
            (-0.1975, 0.0000, -22.5687, 1.0000)>
MESH
Parasaurolophus_Cylinder.003
<Matrix 4x4 (-0.1744, 0.0000,  -0.0000, 0.0000)
            (-0.0000, 0.1744,   0.0000, 0.0000)
            ( 0.0000, 0.0000,  -0.1744, 0.0000)
            (12.8682, 0.0000, -27.2531, 1.0000)>
MESH
Parasaurolophus_Cylinder.004
<Matrix 4x4 (-0.1744, 0.0000,  -0.0000, 0.0000)
            (-0.0000, 0.1744,   0.0000, 0.0000)
            ( 0.0000, 0.0000,  -0.1744, 0.0000)
            ( 2.2294, 0.0000, -33.2075, 1.0000)>
MESH
Parasaurolophus_Cylinder.005
<Matrix 4x4 (-0.1744, 0.0000,  -0.0000, 0.0000)
            (-0.0000, 0.1744,   0.0000, 0.0000)
            ( 0.0000, 0.0000,  -0.1744, 0.0000)
            ( 0.1693, 0.0000, -33.3768, 1.0000)>
MESH
Parasaurolophus_Cylinder.006
<Matrix 4x4 (-0.1744, 0.0000,  -0.0000, 0.0000)
            (-0.0000, 0.1744,   0.0000, 0.0000)
            ( 0.0000, 0.0000,  -0.1744, 0.0000)
            (10.7235, 0.0000, -33.4050, 1.0000)>
MESH
Stegosaurus_Cylinder.003
<Matrix 4x4 (-0.1474, 0.0000,  -0.0000, 0.0000)
            (-0.0000, 0.1474,   0.0000, 0.0000)
            ( 0.0000, 0.0000,  -0.1474, 0.0000)
            ( 4.8396, 0.0000, -34.7059, 1.0000)>
MESH
Triceratops_Cylinder.001
<Matrix 4x4 (-0.1366, 0.0000,  -0.0000, 0.0000)
            (-0.0000, 0.1366,   0.0000, 0.0000)
            ( 0.0000, 0.0000,  -0.1366, 0.0000)
            ( 1.3967, 0.0000, -31.0245, 1.0000)>
MESH
Triceratops_Cylinder.002
<Matrix 4x4 (-0.1366, 0.0000,  -0.0000, 0.0000)
            (-0.0000, 0.1366,   0.0000, 0.0000)
            ( 0.0000, 0.0000,  -0.1366, 0.0000)
            ( 6.9842, 0.0000, -22.9255, 1.0000)>
MESH
Rat_Cylinder
<Matrix 4x4 (1.0000, 0.0000,   0.0000, 0.0000)
            (0.0000, 1.0000,  -0.0000, 0.0000)
            (0.0000, 0.0000,   1.0000, 0.0000)
            (5.2050, 8.0384, -12.1346, 1.0000)>
MESH
Snake_Cylinder.001
<Matrix 4x4 (0.2376, 0.0000,   0.0000, 0.0000)
            (0.0000, 0.2376,  -0.0000, 0.0000)
            (0.0000, 0.0000,   0.2376, 0.0000)
            (0.7220, 1.9031, -20.1160, 1.0000)>
MESH
Cube
<Matrix 4x4 ( 0.1447, 0.0000,   0.0707, 0.0000)
            ( 0.0000, 0.1611,  -0.0000, 0.0000)
            (-0.0707, 0.0000,   0.1447, 0.0000)
            ( 4.2134, 0.0000, -18.7714, 1.0000)>
MESH
Snake_Cylinder.002
<Matrix 4x4 (0.2376, 0.0000,   0.0000, 0.0000)
            (0.0000, 0.2376,  -0.0000, 0.0000)
            (0.0000, 0.0000,   0.2376, 0.0000)
            (4.2089, 1.9031, -20.1160, 1.0000)>
MESH
Snake_Cylinder.003
<Matrix 4x4 (0.2376, 0.0000,   0.0000, 0.0000)
            (0.0000, 0.2376,  -0.0000, 0.0000)
            (0.0000, 0.0000,   0.2376, 0.0000)
            (6.2769, 1.9031, -20.1160, 1.0000)>
MESH
Snake_Cylinder.004
<Matrix 4x4 (0.2376, 0.0000,   0.0000, 0.0000)
            (0.0000, 0.2376,  -0.0000, 0.0000)
            (0.0000, 0.0000,   0.2376, 0.0000)
            (9.8217, 1.9031, -20.1160, 1.0000)>
MESH
Frog_Cylinder.001
<Matrix 4x4 (0.2746, 0.0000,   0.0000, 0.0000)
            (0.0000, 0.2746,  -0.0000, 0.0000)
            (0.0000, 0.0000,   0.2746, 0.0000)
            (7.2366, 3.2183, -15.7163, 1.0000)>
MESH
Frog_Cylinder.002
<Matrix 4x4 (0.2746, 0.0000,   0.0000, 0.0000)
            (0.0000, 0.2746,  -0.0000, 0.0000)
            (0.0000, 0.0000,   0.2746, 0.0000)
            (2.9540, 3.2183, -15.7163, 1.0000)>
MESH
Frog_Cylinder.003
<Matrix 4x4 (0.2746, 0.0000,   0.0000, 0.0000)
            (0.0000, 0.2746,  -0.0000, 0.0000)
            (0.0000, 0.0000,   0.2746, 0.0000)
            (4.5368, 3.2183, -15.7163, 1.0000)>
MESH
Cube.001
<Matrix 4x4 ( 0.1319, 0.0000,  -0.0924, 0.0000)
            (-0.0000, 0.1611,  -0.0000, 0.0000)
            ( 0.0924, 0.0000,   0.1319, 0.0000)
            ( 6.4378, 0.0000, -18.6431, 1.0000)>
MESH
Cube.002
<Matrix 4x4 ( 0.1609, 0.0000,  -0.0085, 0.0000)
            (-0.0000, 0.1611,  -0.0000, 0.0000)
            ( 0.0085, 0.0000,   0.1609, 0.0000)
            ( 5.4753, 0.0000, -19.2420, 1.0000)>
MESH
Cube.003
<Matrix 4x4 ( 0.1609, 0.0000,  -0.0085, 0.0000)
            (-0.0000, 0.1611,  -0.0000, 0.0000)
            ( 0.0085, 0.0000,   0.1609, 0.0000)
            ( 5.3256, 0.0000, -17.7448, 1.0000)>
MESH
SniperRifle_4_Cube.133
<Matrix 4x4 (-0.0000, -0.0263,  -0.1926, 0.0000)
            (-0.0000,  0.1926,  -0.0263, 0.0000)
            ( 0.1943,  0.0000,  -0.0000, 0.0000)
            ( 2.6566,  3.4712, -15.8308, 1.0000)>
MESH
SniperRifle_4_Cube.001
<Matrix 4x4 (-0.0000, -0.0263,  -0.1926, 0.0000)
            (-0.0000,  0.1926,  -0.0263, 0.0000)
            ( 0.1943,  0.0000,  -0.0000, 0.0000)
            ( 4.2621,  3.4712, -15.8308, 1.0000)>
MESH
SniperRifle_4_Cube.002
<Matrix 4x4 (-0.0000, -0.0263,  -0.1926, 0.0000)
            (-0.0000,  0.1926,  -0.0263, 0.0000)
            ( 0.1943,  0.0000,  -0.0000, 0.0000)
            ( 6.8941,  3.4712, -15.8308, 1.0000)>
MESH
AssaultRifle_2_Cube.136
<Matrix 4x4 (-0.0000, -0.0426,  -0.1768, 0.0000)
            (-0.0000,  0.1768,  -0.0426, 0.0000)
            ( 0.1819,  0.0000,  -0.0000, 0.0000)
            ( 0.6055,  2.2429, -20.2004, 1.0000)>
MESH
AssaultRifle_2_Cube.001
<Matrix 4x4 (-0.0000, -0.0426,  -0.1768, 0.0000)
            (-0.0000,  0.1768,  -0.0426, 0.0000)
            ( 0.1819,  0.0000,  -0.0000, 0.0000)
            ( 4.1123,  2.2429, -20.2004, 1.0000)>
MESH
AssaultRifle_2_Cube.002
<Matrix 4x4 (-0.0000, -0.0426,  -0.1768, 0.0000)
            (-0.0000,  0.1768,  -0.0426, 0.0000)
            ( 0.1819,  0.0000,  -0.0000, 0.0000)
            ( 6.1715,  2.2429, -20.2004, 1.0000)>
MESH
AssaultRifle_2_Cube.003
<Matrix 4x4 (-0.0000, -0.0426,  -0.1768, 0.0000)
            (-0.0000,  0.1768,  -0.0426, 0.0000)
            ( 0.1819,  0.0000,  -0.0000, 0.0000)
            ( 9.7032,  2.2429, -20.2004, 1.0000)>
