# Game Level Exporter v1.0
CAMERA
Camera
<Matrix 4x4 ( 0.6859,  0.0000,   0.7277, 0.0000)
            (-0.3240,  0.8954,   0.3054, 0.0000)
            (-0.6516, -0.4453,   0.6142, 0.0000)
            (16.7249, 16.0487, -18.2621, 1.0000)>
MESH
Plane
<Matrix 4x4 (13.6891,  0.0000,  0.0000, 0.0000)
            ( 0.0000, 13.6891, -0.0000, 0.0000)
            ( 0.0000,  0.0000, 13.6891, 0.0000)
            ( 0.0000,  0.0000,  0.0000, 1.0000)>
MESH
Bones
<Matrix 4x4 ( 1.0000, 0.0000,  0.0000, 0.0000)
            ( 0.0000, 1.0000, -0.0000, 0.0000)
            ( 0.0000, 0.0000,  1.0000, 0.0000)
            (-6.6614, 0.2773, -6.6845, 1.0000)>
MESH
Trex
<Matrix 4x4 ( 0.6092, 0.0000,  0.3361, 0.0000)
            ( 0.0000, 0.6957, -0.0000, 0.0000)
            (-0.3361, 0.0000,  0.6092, 0.0000)
            ( 0.0000, 0.0000,  0.0000, 1.0000)>
MESH
Bones2
<Matrix 4x4 (1.0000, 0.0000,  0.0000, 0.0000)
            (0.0000, 1.0000, -0.0000, 0.0000)
            (0.0000, 0.0000,  1.0000, 0.0000)
            (9.2492, 0.1511, -4.2563, 1.0000)>
MESH
Bones.001
<Matrix 4x4 ( 1.4630, 0.0000,  1.8360, 0.0000)
            ( 0.0000, 2.3476, -0.0000, 0.0000)
            (-1.8360, 0.0000,  1.4630, 0.0000)
            (-7.7614, 0.2773,  1.3304, 1.0000)>
MESH
Bones.002
<Matrix 4x4 ( 0.7183, 0.0000, -1.3483, 0.0000)
            (-0.0000, 1.5277, -0.0000, 0.0000)
            ( 1.3483, 0.0000,  0.7183, 0.0000)
            ( 6.1075, 0.2773,  5.5342, 1.0000)>
MESH
Bones2.001
<Matrix 4x4 (-0.4088, 0.0000,  1.2476, 0.0000)
            ( 0.0000, 1.3129,  0.0000, 0.0000)
            (-1.2476, 0.0000, -0.4088, 0.0000)
            (-8.9807, 0.1511,  6.9803, 1.0000)>
MESH
Frog
<Matrix 4x4 ( 0.2347, 0.0000,   0.3825, 0.0000)
            ( 0.0000, 0.4488,  -0.0000, 0.0000)
            (-0.3825, 0.0000,   0.2347, 0.0000)
            (-2.9467, 0.0000, -10.1769, 1.0000)>
MESH
Frog.001
<Matrix 4x4 (-0.4486, 0.0000,  -0.0106, 0.0000)
            (-0.0000, 0.4488,   0.0000, 0.0000)
            ( 0.0106, 0.0000,  -0.4486, 0.0000)
            ( 7.2848, 0.0000, -10.1769, 1.0000)>
MESH
Frog.002
<Matrix 4x4 ( 0.2719, 0.0000, -0.3570, 0.0000)
            (-0.0000, 0.4488, -0.0000, 0.0000)
            ( 0.3570, 0.0000,  0.2719, 0.0000)
            ( 8.0214, 0.0000, -0.9822, 1.0000)>
MESH
Frog.003
<Matrix 4x4 ( 0.3998, 0.0000,  0.2038, 0.0000)
            ( 0.0000, 0.4488, -0.0000, 0.0000)
            (-0.2038, 0.0000,  0.3998, 0.0000)
            (-8.1851, 0.0000, -2.2918, 1.0000)>
MESH
Frog.004
<Matrix 4x4 ( 0.0112, 0.0000, -0.4486, 0.0000)
            (-0.0000, 0.4488, -0.0000, 0.0000)
            ( 0.4486, 0.0000,  0.0112, 0.0000)
            (-3.6560, 0.0000,  3.4378, 1.0000)>
MESH
Frog.005
<Matrix 4x4 (-0.4448, 0.0000,  0.0592, 0.0000)
            ( 0.0000, 0.4488,  0.0000, 0.0000)
            (-0.0592, 0.0000, -0.4448, 0.0000)
            (-2.4010, 0.0000, -4.4473, 1.0000)>
MESH
Frog.006
<Matrix 4x4 (-0.0163, 0.0000,  -0.4485, 0.0000)
            (-0.0000, 0.4488,   0.0000, 0.0000)
            ( 0.4485, 0.0000,  -0.0163, 0.0000)
            (-8.9764, 0.0000, -10.2860, 1.0000)>
MESH
Frog.007
<Matrix 4x4 ( -0.3019, 0.0000, -0.3320, 0.0000)
            ( -0.0000, 0.4488,  0.0000, 0.0000)
            (  0.3320, 0.0000, -0.3019, 0.0000)
            (-10.1769, 0.0000,  2.8921, 1.0000)>
MESH
Frog.008
<Matrix 4x4 ( 0.1414, 0.0000,  0.4259, 0.0000)
            ( 0.0000, 0.4488, -0.0000, 0.0000)
            (-0.4259, 0.0000,  0.1414, 0.0000)
            (10.8044, 0.0000, -6.9574, 1.0000)>
MESH
Frog.009
<Matrix 4x4 ( 0.1414, 0.0000,  0.4259, 0.0000)
            ( 0.0000, 0.4488, -0.0000, 0.0000)
            (-0.4259, 0.0000,  0.1414, 0.0000)
            ( 2.4828, 0.0000, -3.9289, 1.0000)>
MESH
Frog.010
<Matrix 4x4 ( 0.4482, 0.0000, -0.0229, 0.0000)
            (-0.0000, 0.4488, -0.0000, 0.0000)
            ( 0.0229, 0.0000,  0.4482, 0.0000)
            ( 0.5184, 0.0000,  3.1104, 1.0000)>
MESH
Barrel
<Matrix 4x4 (1.0000, 0.0000,  0.0000, 0.0000)
            (0.0000, 1.0000, -0.0000, 0.0000)
            (0.0000, 0.0000,  1.0000, 0.0000)
            (0.4911, 0.4763, -8.3816, 1.0000)>
MESH
Barrel.001
<Matrix 4x4 (-0.0196, -1.4591, -0.0117, 0.0000)
            ( 1.2519, -0.0228,  0.7494, 0.0000)
            (-0.7495, -0.0000,  1.2520, 0.0000)
            (-0.0273,  0.4763,  5.2276, 1.0000)>
MESH
Book_Open
<Matrix 4x4 (0.9978, -0.0587, -0.0298, 0.0000)
            (0.0570,  0.9967, -0.0576, 0.0000)
            (0.0331,  0.0557,  0.9979, 0.0000)
            (3.3013, 10.0511, -5.9752, 1.0000)>
MESH
Chest_gold
<Matrix 4x4 (-1.2839, 0.0000, -1.8356, 0.0000)
            (-0.0000, 2.2401,  0.0000, 0.0000)
            ( 1.8356, 0.0000, -1.2839, 0.0000)
            (10.4460, 0.9967,  3.7652, 1.0000)>
MESH
Rock5
<Matrix 4x4 (10.1534,  0.0000,  0.0000, 0.0000)
            ( 0.0000, 10.1534, -0.0000, 0.0000)
            ( 0.0000,  0.0000, 10.1534, 0.0000)
            ( 4.6458,  0.7578, 11.2099, 1.0000)>
MESH
Rock3
<Matrix 4x4 ( 4.7072, 0.0000,  3.8561, 0.0000)
            ( 0.0000, 6.0850, -0.0000, 0.0000)
            (-3.8561, 0.0000,  4.7072, 0.0000)
            (-5.2999, 0.6356, 10.1489, 1.0000)>
MESH
Torch
<Matrix 4x4 (1.0000, 0.0000,  0.0000, 0.0000)
            (0.0000, 1.0000, -0.0000, 0.0000)
            (0.0000, 0.0000,  1.0000, 0.0000)
            (2.4418, 0.9965,  0.1047, 1.0000)>
POINT
Point
<Matrix 4x4 (1.0000,  0.0000, 0.0000, 0.0000)
            (1.0000,  0.5366, 0.0383, 0.0000)
            (0.0000, -1.0000, 0.0000, 0.0000)
            (2.4521,  1.4133, 0.0923, 1.0000)>
